scala> rawdata.collect()
res29: Array[String] = Array(196	242	3	881250949, 186	302	3	891717742, 22	377	1	878887116, 244	51	2	880606923, 166	346	1	886397596, 298	474	4	884182806, 115	265	2	881171488, 253	465	5	891628467, 305	451	3886324817, 6	86	3	883603013, 62	257	2	879372434, 286	1014	5	879781125, 200	222	5	876042340, 210	40	3891035994, 224	29	3	888104457, 303	785	3	879485318, 122	387	5	879270459, 194	274	2	879539794, 291	1042	4874834944, 234	1184	2	892079237, 119	392	4	886176814, 167	486	4	892738452, 299	144	4	877881320, 291	118	2874833878, 308	1	4	887736532, 95	546	2	879196566, 38	95	5	892430094, 102	768	2	883748450, 63	277	4875747401, 160	234	5	876861185, 50	246	3	877052329, 301	98	4	882075827, 225	193	4	879539727, 290	88	4880731963, 97	194	3	884238860, 157	274	4	886890835, 1...

val newdata=rawdata.map(x=>x.split("\t"))
newdata: org.apache.spark.rdd.RDD[Array[String]] = MapPartitionsRDD[26] at map at <console>:23
newdata.collect
res30: Array[Array[String]] = Array(Array(196, 242, 3, 881250949), Array(186, 302, 3, 891717742), Array(22, 377, 1, 878887116), Array(244, 51, 2, 880606923), Array(166, 346, 1, 886397596), Array(298, 474, 4, 884182806), Array(115, 265, 2, 881171488), Array(253, 465, 5, 891628467), Array(305, 451, 3, 886324817), Array(6, 86, 3, 883603013), Array(62, 257, 2, 879372434), Array(286, 1014, 5, 879781125), Array(200, 222, 5, 876042340), Array(210, 40, 3, 891035994), Array(224, 29, 3, 888104457), Array(303, 785, 3, 879485318), Array(122, 387, 5, 879270459), Array(194, 274, 2, 879539794), Array(291, 1042, 4, 874834944), Array(234, 1184, 2, 892079237), Array(119, 392, 4, 886176814), Array(167, 486, 4, 892738452), Array(299, 144, 4, 877881320), Array(291, 118, 2, 87483387...



val rdd1=newdata.map(x=>(x(1),(x(2).toInt,1)))
rdd1: org.apache.spark.rdd.RDD[(String, (Int, Int))] = MapPartitionsRDD[29] at map at <console>:23

rdd1.collect
res32: Array[(String, (Int, Int))] = Array((242,(3,1)), (302,(3,1)), (377,(1,1)), (51,(2,1)), (346,(1,1)), (474,(4,1)), (265,(2,1)), (465,(5,1)), (451,(3,1)), (86,(3,1)), (257,(2,1)), (1014,(5,1)), (222,(5,1)), (40,(3,1)), (29,(3,1)), (785,(3,1)), (387,(5,1)), (274,(2,1)), (1042,(4,1)), (1184,(2,1)), (392,(4,1)), (486,(4,1)), (144,(4,1)), (118,(2,1)), (1,(4,1)), (546,(2,1)), (95,(5,1)), (768,(2,1)), (277,(4,1)), (234,(5,1)), (246,(3,1)), (98,(4,1)), (193,(4,1)), (88,(4,1)), (194,(3,1)), (274,(4,1)), (1081,(1,1)), (603,(5,1)), (796,(1,1)), (32,(4,1)), (16,(4,1)), (304,(4,1)), (979,(2,1)), (564,(3,1)), (327,(5,1)), (201,(5,1)), (1137,(5,1)), (241,(5,1)), (4,(5,1)), (332,(3,1)), (100,(4,1)), (432,(2,1)), (322,(4,1)), (181,(5,1)), (196,(5,1)), (679,(2,1)), (384,(4,...

val rdd2=rdd1.reduceByKey((x,y)=>((x._1+y._1), (x._2+y._2))
     | )

rdd2.collect
res33: Array[(String, (Int, Int))] = Array((273,(796,223)), (1148,(30,9)), (1119,(216,59)), (736,(307,78)), (1245,(61,19)), (312,(253,80)), (62,(399,127)), (1184,(25,10)), (1625,(4,1)), (1566,(1,1)), (734,(68,27)), (279,(92,28)), (479,(761,179)), (989,(91,32)), (642,(310,89)), (1104,(12,4)), (774,(94,32)), (792,(320,86)), (1122,(5,1)), (1061,(85,29)), (831,(224,91)), (466,(187,52)), (1308,(2,2)), (101,(238,73)), (1445,(11,4)), (112,(49,20)), (1601,(1,1)), (550,(496,151)), (178,(543,125)), (749,(162,51)), (31,(559,154)), (1472,(7,2)), (1285,(47,15)), (789,(168,47)), (556,(30,12)), (884,(23,7)), (33,(335,97)), (167,(198,67)), (493,(249,60)), (383,(64,31)), (888,(52,15)), (639,(148,40)), (1212,(17,6)), (271,(682,211)), (444,(125,46)), (855,(246,66)), (1434,(25,10)...

scala>  val rdd3 = rdd2.map(x=>(x._1,(x._2._1/x._2._2)))
rdd3: org.apache.spark.rdd.RDD[(String, Int)] = MapPartitionsRDD[31] at map at <console>:23


rdd3.collect
res34: Array[(String, Int)] = Array((273,3), (1148,3), (1119,3), (736,3), (1245,3), (312,3), (62,3), (1184,2), (1625,4), (1566,1), (734,2), (279,3), (479,4), (989,2), (642,3), (1104,3), (774,2), (792,3), (1122,5), (1061,2), (831,2), (466,3), (1308,1), (101,3), (1445,2), (112,2), (1601,1), (550,3), (178,4), (749,3), (31,3), (1472,3), (1285,3), (789,3), (556,2), (884,3), (33,3), (167,2), (493,4), (383,2), (888,3), (639,3), (1212,2), (271,3), (444,2), (855,3), (1434,2), (91,3), (1283,2), (1027,2), (1241,2), (747,3), (284,3), (929,2), (729,3), (1568,1), (1151,2), (974,3), (1384,1), (396,2), (662,3), (1546,1), (714,3), (226,3), (172,4), (686,3), (1056,3), (406,2), (1351,2), (572,2), (259,2), (1317,2), (1256,2), (1577,1), (352,2), (1362,2), (174,4), (730,3), (1520,3)...


scala> val rdd4 = rdd3.sortBy(x=>(x._2),false)
scala> val rdd4 = rdd3.sortBy(x=>(-(x._2))
     | )
rdd4: org.apache.spark.rdd.RDD[(String, Int)] = MapPartitionsRDD[52] at sortBy at <console>:23


rdd4: org.apache.spark.rdd.RDD[(String, Int)] = MapPartitionsRDD[46] at sortBy at <console>:23


scala> rdd4.collect
res39: Array[(String, Int)] = Array((1122,5), (1201,5), (1467,5), (1500,5), (1599,5), (1293,5), (814,5), (1189,5), (1653,5), (1536,5), (1625,4), (479,4), (178,4), (493,4), (172,4), (174,4), (194,4), (488,4), (633,4), (1492,4), (530,4), (79,4), (1636,4), (512,4), (1458,4), (170,4), (1131,4), (185,4), (657,4), (64,4), (134,4), (1007,4), (22,4), (1526,4), (923,4), (480,4), (659,4), (505,4), (604,4), (525,4), (1623,4), (60,4), (1452,4), (648,4), (183,4), (1515,4), (187,4), (615,4), (192,4), (181,4), (1616,4), (190,4), (1524,4), (1142,4), (963,4), (613,4), (651,4), (1629,4), (527,4), (59,4), (1674,4), (198,4), (189,4), (1449,4), (1203,4), (408,4), (606,4), (1645,4), (709,4), (701,4), (318,4), (136,4), (484,4), (48,4), (611,4), (1450,4), (1498,4), (57,4), (251,4), (2...


scala> rdd4.take(1)(0)._2
res44: Int = 5

scala>  val rdd6=rdd4.filter(x=>x._2==rdd4.take(1)(0)._2)
rdd6: org.apache.spark.rdd.RDD[(String, Int)] = MapPartitionsRDD[55] at filter at <console>:23

scala> rdd3.map(x=>x._2).max
res50: Int = 5

scala> val max=rdd3.map(x=>x._2).max
max: Int = 5

scala> val rdd6=rdd3.filter(x=>x._2==max)
rdd6: org.apache.spark.rdd.RDD[(String, Int)] = MapPartitionsRDD[59] at filter at <console>:24

scala> rdd6.collect
collect   collectAsMap   collectAsync

scala> rdd6.collect
res51: Array[(String, Int)] = Array((1122,5), (1201,5), (1467,5), (1500,5), (1599,5), (1293,5), (814,5), (1189,5), (1653,5), (1536,5))

